82.184044
82.184044
82.184044
82.177666
82.16491
82.16491
82.16491
82.184044
82.184044
82.177666
82.15854
82.15215
82.15215
82.15215
82.13302
82.13939
82.113884
82.12026
82.113884
82.10113
82.082
82.06924
82.05649
82.06286
82.0501
82.03735
82.03735
82.03735
82.03735
82.05649
82.05649
82.05649
82.05649
82.08838
82.09476
82.12026
82.12026
82.14578
82.15215
82.13302
82.17129
82.15854
82.14578
82.15215
82.15215
82.13302
82.13302
82.13302
82.12664
82.12664
82.12664
82.12026
82.113884
82.12026
82.12026
82.10751
82.12026
82.12664
82.113884
82.13302
82.12026
82.13302
82.113884
82.113884
82.10113
82.10113
82.09476
82.09476
82.09476
82.09476
82.10113
82.10751
82.10751
82.10113
82.10751
82.10751
82.10113
82.10751
82.10113
82.113884
82.10113
82.09476
82.08838
82.07562
82.05649
82.05649
82.07562
82.06924
82.05649
82.06924
82.06286
82.06286
82.06924
82.04373
82.04373
82.01184
81.97995
81.97995
81.95444
81.95444
81.960815
