81.839645
81.84602
81.84602
81.852394
81.86515
81.85878
81.85878
81.852394
81.839645
81.839645
81.839645
81.839645
81.85878
81.86515
81.890656
81.884285
81.884285
81.884285
81.89704
81.916176
81.90979
81.90341
81.87791
81.87791
81.87791
81.85878
81.85878
81.86515
81.87153
81.86515
81.85878
120.47621
120.47621
120.54
120.5655
120.55912
120.53362
120.488976
120.488976
120.46983
120.46983
120.450714
120.43795
120.444336
120.444336
120.4252
120.4252
120.41881
120.43795
120.4252
120.457085
120.41244
120.40606
120.34866
120.35505
120.39969
120.41244
120.41881
120.43795
120.450714
120.4252
120.38055
120.39969
120.4252
120.40606
120.4252
120.39969
120.39331
120.40606
120.40606
120.40606
120.4252
120.4252
120.29126
120.26576
120.26576
120.25937
120.28488
120.26576
120.24661
120.253
120.240234
120.20834
120.21474
120.22111
120.227486
120.20834
120.20197
120.20197
120.195595
124.03502
