81.86515
81.87153
81.86515
81.85878
120.47621
120.47621
120.54
120.5655
120.55912
120.53362
120.488976
120.488976
120.46983
120.46983
120.450714
120.43795
120.444336
120.444336
120.4252
120.4252
120.41881
120.43795
120.4252
120.457085
120.41244
120.40606
120.34866
120.35505
120.39969
120.41244
120.41881
120.43795
120.450714
120.4252
120.38055
120.39969
120.4252
120.40606
120.4252
120.39969
120.39331
120.40606
120.40606
120.40606
120.4252
120.4252
120.29126
120.26576
120.26576
120.25937
120.28488
120.26576
120.24661
120.253
120.240234
120.20834
120.21474
120.22111
120.227486
120.20834
120.20197
120.20197
120.195595
124.03502
122.60641
122.88702
123.83731
123.148506
122.90616
123.10387
122.98905
123.07834
122.80411
122.39593
122.357666
122.07704
122.03878
121.9431
121.81555
121.732635
121.53493
121.4265
121.96861
122.04515
122.31939
122.3449
122.24287
122.17909
122.1472
122.300255
122.217354
122.42144
122.1472
122.17909
122.1727
122.402306
122.42144
122.402306
122.587265
122.51073
122.50436
