0.04098839
0.04098839
0.04098839
0.040985074
0.040985074
0.04098839
0.04098839
0.04099171
0.04099171
0.04099171
0.04099171
0.04099171
0.04099171
0.04099502
0.04099171
0.04099171
0.04099171
0.04099171
0.04099171
0.04099171
0.04098839
0.04098839
0.04098839
0.040985074
0.040985074
0.04098176
0.040985074
0.04098176
0.04098176
0.04098176
0.04098176
0.04098176
0.04099171
0.04098839
0.04098839
0.04098839
0.04099171
0.04099171
0.04099171
0.04098839
0.04098839
0.04099171
0.04098839
0.04098839
0.04098839
0.04098839
0.04098839
0.04098839
0.12382
0.123830006
78.924995
78.93137
78.91862
78.91862
207.61343
207.6302
207.6302
207.6638
207.68057
207.68057
207.647
78.91225
78.924995
78.93137
46.110214
46.113937
134.80907
134.81998
134.85269
134.85269
134.84178
134.83087
134.81998
134.83087
134.83087
134.83087
134.83087
78.816574
78.82295
78.82295
78.66989
78.66989
78.66989
78.66989
78.66989
78.79106
78.79106
78.79106
78.79106
78.79106
78.79106
80.65337
80.65337
80.65337
80.65337
80.65337
80.65337
80.65337
80.65337
80.65337
81.26564
